{
 "cells": [
  {
   "cell_type": "markdown",
   "metadata": {},
   "source": [
    "## Input sequence: \"Dream big and work for it\""
   ]
  },
  {
   "cell_type": "code",
   "execution_count": 33,
   "metadata": {},
   "outputs": [],
   "source": [
    "import torch\n",
    "\n",
    "inputs = torch.tensor(\n",
    "    [[0.72, 0.45, 0.31], # Dream    (x^1)\n",
    "     [0.75, 0.20, 0.55], # big      (x^2)\n",
    "     [0.30, 0.80, 0.40], # and      (x^3)\n",
    "     [0.85, 0.35, 0.60], # work     (x^4)\n",
    "     [0.55, 0.15, 0.75], # for      (x^5)\n",
    "     [0.25, 0.20, 0.85]] # it       (x^6)\n",
    ")\n",
    "\n",
    "# Corresponding words\n",
    "words = ['Dream', 'big', 'and', 'work', 'for', 'it']"
   ]
  },
  {
   "cell_type": "markdown",
   "metadata": {},
   "source": [
    "## Class for implementing self attention"
   ]
  },
  {
   "cell_type": "code",
   "execution_count": 34,
   "metadata": {},
   "outputs": [],
   "source": [
    "from torch import nn\n",
    "\n",
    "class SelfAttention_v2(nn.Module):\n",
    "    def __init__(self, d_in, d_out, qkv_bias=False):\n",
    "        super().__init__()\n",
    "        self.W_query = nn.Linear(d_in, d_out, bias=qkv_bias)\n",
    "        self.W_key = nn.Linear(d_in, d_out, bias=qkv_bias)\n",
    "        self.W_value = nn.Linear(d_in, d_out, bias=qkv_bias)\n",
    "\n",
    "    def forward(self, x):\n",
    "        queries = self.W_query(x)\n",
    "        keys = self.W_key(x)\n",
    "        values = self.W_value(x)\n",
    "\n",
    "        attn_scores = queries @ keys.T\n",
    "        attn_weights = torch.softmax(attn_scores / keys.shape[-1]**0.5, dim=-1)\n",
    "\n",
    "        context_vec = attn_weights @ values\n",
    "        return context_vec"
   ]
  },
  {
   "cell_type": "markdown",
   "metadata": {},
   "source": [
    "## Context vectors corresponding to inputs"
   ]
  },
  {
   "cell_type": "code",
   "execution_count": 35,
   "metadata": {},
   "outputs": [
    {
     "name": "stdout",
     "output_type": "stream",
     "text": [
      "tensor([[-0.0184,  0.1495],\n",
      "        [-0.0180,  0.1502],\n",
      "        [-0.0183,  0.1495],\n",
      "        [-0.0178,  0.1505],\n",
      "        [-0.0177,  0.1506],\n",
      "        [-0.0177,  0.1507]], grad_fn=<MmBackward0>)\n"
     ]
    }
   ],
   "source": [
    "d_in = inputs.shape[-1]\n",
    "d_out = 2\n",
    "\n",
    "torch.manual_seed(789)\n",
    "sa_v2 = SelfAttention_v2(d_in, d_out)\n",
    "print(sa_v2(inputs))"
   ]
  },
  {
   "cell_type": "markdown",
   "metadata": {},
   "source": [
    "## Final attention weights"
   ]
  },
  {
   "cell_type": "code",
   "execution_count": 36,
   "metadata": {},
   "outputs": [
    {
     "name": "stdout",
     "output_type": "stream",
     "text": [
      "tensor([[0.1582, 0.1729, 0.1456, 0.1732, 0.1771, 0.1730],\n",
      "        [0.1590, 0.1739, 0.1444, 0.1738, 0.1771, 0.1718],\n",
      "        [0.1568, 0.1734, 0.1433, 0.1739, 0.1785, 0.1741],\n",
      "        [0.1570, 0.1750, 0.1403, 0.1751, 0.1793, 0.1732],\n",
      "        [0.1594, 0.1745, 0.1435, 0.1742, 0.1772, 0.1711],\n",
      "        [0.1600, 0.1744, 0.1441, 0.1741, 0.1767, 0.1707]],\n",
      "       grad_fn=<SoftmaxBackward0>)\n"
     ]
    }
   ],
   "source": [
    "queries = sa_v2.W_query(inputs)\n",
    "keys = sa_v2.W_key(inputs)\n",
    "attn_scores = queries @ keys.T\n",
    "attn_weights = torch.softmax(attn_scores / keys.shape[-1]**0.5, dim=-1)\n",
    "print(attn_weights)"
   ]
  },
  {
   "cell_type": "markdown",
   "metadata": {},
   "source": [
    "## Lower triangular matrix (mask)"
   ]
  },
  {
   "cell_type": "code",
   "execution_count": 37,
   "metadata": {},
   "outputs": [
    {
     "name": "stdout",
     "output_type": "stream",
     "text": [
      "tensor([[1., 0., 0., 0., 0., 0.],\n",
      "        [1., 1., 0., 0., 0., 0.],\n",
      "        [1., 1., 1., 0., 0., 0.],\n",
      "        [1., 1., 1., 1., 0., 0.],\n",
      "        [1., 1., 1., 1., 1., 0.],\n",
      "        [1., 1., 1., 1., 1., 1.]])\n"
     ]
    }
   ],
   "source": [
    "context_length = inputs.shape[0]\n",
    "mask_simple = torch.tril(torch.ones(context_length, context_length))\n",
    "print(mask_simple)"
   ]
  },
  {
   "cell_type": "markdown",
   "metadata": {},
   "source": [
    "## Attention weights after applying mask"
   ]
  },
  {
   "cell_type": "code",
   "execution_count": 38,
   "metadata": {},
   "outputs": [
    {
     "name": "stdout",
     "output_type": "stream",
     "text": [
      "tensor([[0.1582, 0.0000, 0.0000, 0.0000, 0.0000, 0.0000],\n",
      "        [0.1590, 0.1739, 0.0000, 0.0000, 0.0000, 0.0000],\n",
      "        [0.1568, 0.1734, 0.1433, 0.0000, 0.0000, 0.0000],\n",
      "        [0.1570, 0.1750, 0.1403, 0.1751, 0.0000, 0.0000],\n",
      "        [0.1594, 0.1745, 0.1435, 0.1742, 0.1772, 0.0000],\n",
      "        [0.1600, 0.1744, 0.1441, 0.1741, 0.1767, 0.1707]],\n",
      "       grad_fn=<MulBackward0>)\n"
     ]
    }
   ],
   "source": [
    "masked_simple = attn_weights * mask_simple\n",
    "print(masked_simple)"
   ]
  },
  {
   "cell_type": "markdown",
   "metadata": {},
   "source": [
    "## Attention weights normalized"
   ]
  },
  {
   "cell_type": "code",
   "execution_count": 39,
   "metadata": {},
   "outputs": [
    {
     "name": "stdout",
     "output_type": "stream",
     "text": [
      "torch.Size([6, 1])\n",
      "tensor([[1.0000, 0.0000, 0.0000, 0.0000, 0.0000, 0.0000],\n",
      "        [0.4777, 0.5223, 0.0000, 0.0000, 0.0000, 0.0000],\n",
      "        [0.3312, 0.3662, 0.3026, 0.0000, 0.0000, 0.0000],\n",
      "        [0.2425, 0.2703, 0.2167, 0.2704, 0.0000, 0.0000],\n",
      "        [0.1923, 0.2105, 0.1732, 0.2102, 0.2138, 0.0000],\n",
      "        [0.1600, 0.1744, 0.1441, 0.1741, 0.1767, 0.1707]],\n",
      "       grad_fn=<DivBackward0>)\n"
     ]
    }
   ],
   "source": [
    "row_sums = masked_simple.sum(dim=-1, keepdim=True)\n",
    "print(row_sums.shape)\n",
    "masked_simple_norm = masked_simple / row_sums\n",
    "print(masked_simple_norm)"
   ]
  },
  {
   "cell_type": "markdown",
   "metadata": {},
   "source": [
    "## Attention scores"
   ]
  },
  {
   "cell_type": "code",
   "execution_count": 40,
   "metadata": {},
   "outputs": [
    {
     "name": "stdout",
     "output_type": "stream",
     "text": [
      "tensor([[ 0.1278,  0.2536,  0.0104,  0.2559,  0.2873,  0.2540],\n",
      "        [ 0.1236,  0.2499, -0.0124,  0.2494,  0.2758,  0.2329],\n",
      "        [ 0.1458,  0.2882,  0.0182,  0.2916,  0.3285,  0.2934],\n",
      "        [ 0.1517,  0.3052, -0.0074,  0.3055,  0.3393,  0.2904],\n",
      "        [ 0.1222,  0.2499, -0.0263,  0.2477,  0.2714,  0.2224],\n",
      "        [ 0.1160,  0.2386, -0.0314,  0.2357,  0.2571,  0.2075]],\n",
      "       grad_fn=<MmBackward0>)\n"
     ]
    }
   ],
   "source": [
    "print(attn_scores)"
   ]
  },
  {
   "cell_type": "markdown",
   "metadata": {},
   "source": [
    "## Upper triangular matrix"
   ]
  },
  {
   "cell_type": "code",
   "execution_count": 41,
   "metadata": {},
   "outputs": [
    {
     "name": "stdout",
     "output_type": "stream",
     "text": [
      "tensor([[0., 1., 1., 1., 1., 1.],\n",
      "        [0., 0., 1., 1., 1., 1.],\n",
      "        [0., 0., 0., 1., 1., 1.],\n",
      "        [0., 0., 0., 0., 1., 1.],\n",
      "        [0., 0., 0., 0., 0., 1.],\n",
      "        [0., 0., 0., 0., 0., 0.]])\n"
     ]
    }
   ],
   "source": [
    "mask = torch.triu(torch.ones(context_length, context_length), diagonal=1)\n",
    "print(mask)"
   ]
  },
  {
   "cell_type": "markdown",
   "metadata": {},
   "source": [
    "## Ones are converted to -ve infinity"
   ]
  },
  {
   "cell_type": "code",
   "execution_count": 42,
   "metadata": {},
   "outputs": [
    {
     "name": "stdout",
     "output_type": "stream",
     "text": [
      "tensor([[0., 1., 1., 1., 1., 1.],\n",
      "        [0., 0., 1., 1., 1., 1.],\n",
      "        [0., 0., 0., 1., 1., 1.],\n",
      "        [0., 0., 0., 0., 1., 1.],\n",
      "        [0., 0., 0., 0., 0., 1.],\n",
      "        [0., 0., 0., 0., 0., 0.]])\n",
      "tensor([[ 0.1278,    -inf,    -inf,    -inf,    -inf,    -inf],\n",
      "        [ 0.1236,  0.2499,    -inf,    -inf,    -inf,    -inf],\n",
      "        [ 0.1458,  0.2882,  0.0182,    -inf,    -inf,    -inf],\n",
      "        [ 0.1517,  0.3052, -0.0074,  0.3055,    -inf,    -inf],\n",
      "        [ 0.1222,  0.2499, -0.0263,  0.2477,  0.2714,    -inf],\n",
      "        [ 0.1160,  0.2386, -0.0314,  0.2357,  0.2571,  0.2075]],\n",
      "       grad_fn=<MaskedFillBackward0>)\n"
     ]
    }
   ],
   "source": [
    "mask = torch.triu(torch.ones(context_length, context_length), diagonal=1)\n",
    "print(mask)\n",
    "masked = attn_scores.masked_fill(mask.bool(), -torch.inf)\n",
    "print(masked)"
   ]
  },
  {
   "cell_type": "markdown",
   "metadata": {},
   "source": [
    "## Attention weights after taking softmax"
   ]
  },
  {
   "cell_type": "code",
   "execution_count": 43,
   "metadata": {},
   "outputs": [
    {
     "name": "stdout",
     "output_type": "stream",
     "text": [
      "tensor([[1.0000, 0.0000, 0.0000, 0.0000, 0.0000, 0.0000],\n",
      "        [0.4777, 0.5223, 0.0000, 0.0000, 0.0000, 0.0000],\n",
      "        [0.3312, 0.3662, 0.3026, 0.0000, 0.0000, 0.0000],\n",
      "        [0.2425, 0.2703, 0.2167, 0.2704, 0.0000, 0.0000],\n",
      "        [0.1923, 0.2105, 0.1732, 0.2102, 0.2138, 0.0000],\n",
      "        [0.1600, 0.1744, 0.1441, 0.1741, 0.1767, 0.1707]],\n",
      "       grad_fn=<SoftmaxBackward0>)\n"
     ]
    }
   ],
   "source": [
    "attn_weights = torch.softmax(masked / keys.shape[-1]**0.5, dim=-1)\n",
    "print(attn_weights)"
   ]
  },
  {
   "cell_type": "markdown",
   "metadata": {},
   "source": [
    "## Ones matrix"
   ]
  },
  {
   "cell_type": "code",
   "execution_count": null,
   "metadata": {},
   "outputs": [
    {
     "name": "stdout",
     "output_type": "stream",
     "text": [
      "tensor([[1., 1., 1., 1., 1., 1.],\n",
      "        [1., 1., 1., 1., 1., 1.],\n",
      "        [1., 1., 1., 1., 1., 1.],\n",
      "        [1., 1., 1., 1., 1., 1.],\n",
      "        [1., 1., 1., 1., 1., 1.],\n",
      "        [1., 1., 1., 1., 1., 1.]])\n"
     ]
    }
   ],
   "source": [
    "example = torch.ones(inputs.shape[0], inputs.shape[0]) #B\n",
    "print(example)"
   ]
  },
  {
   "cell_type": "markdown",
   "metadata": {},
   "source": [
    "## Random dropout with 50% probability"
   ]
  },
  {
   "cell_type": "code",
   "execution_count": 50,
   "metadata": {},
   "outputs": [
    {
     "data": {
      "text/plain": [
       "tensor([[2., 2., 0., 2., 2., 0.],\n",
       "        [0., 0., 0., 2., 0., 2.],\n",
       "        [2., 2., 2., 2., 0., 2.],\n",
       "        [0., 2., 2., 0., 0., 2.],\n",
       "        [0., 2., 0., 2., 0., 2.],\n",
       "        [0., 2., 2., 2., 2., 0.]])"
      ]
     },
     "execution_count": 50,
     "metadata": {},
     "output_type": "execute_result"
    }
   ],
   "source": [
    "torch.manual_seed(123)\n",
    "dropout = nn.Dropout(0.5) #A\n",
    "dropout(example)"
   ]
  },
  {
   "cell_type": "markdown",
   "metadata": {},
   "source": [
    "## Attention weights after dropout mask"
   ]
  },
  {
   "cell_type": "code",
   "execution_count": 51,
   "metadata": {},
   "outputs": [
    {
     "name": "stdout",
     "output_type": "stream",
     "text": [
      "tensor([[2.0000, 0.0000, 0.0000, 0.0000, 0.0000, 0.0000],\n",
      "        [0.0000, 0.0000, 0.0000, 0.0000, 0.0000, 0.0000],\n",
      "        [0.6623, 0.7325, 0.6052, 0.0000, 0.0000, 0.0000],\n",
      "        [0.0000, 0.5407, 0.4335, 0.0000, 0.0000, 0.0000],\n",
      "        [0.0000, 0.4210, 0.0000, 0.4204, 0.0000, 0.0000],\n",
      "        [0.0000, 0.3489, 0.2882, 0.3482, 0.3535, 0.0000]],\n",
      "       grad_fn=<MulBackward0>)\n"
     ]
    }
   ],
   "source": [
    "torch.manual_seed(123)\n",
    "print(dropout(attn_weights))"
   ]
  }
 ],
 "metadata": {
  "kernelspec": {
   "display_name": "torch",
   "language": "python",
   "name": "python3"
  },
  "language_info": {
   "codemirror_mode": {
    "name": "ipython",
    "version": 3
   },
   "file_extension": ".py",
   "mimetype": "text/x-python",
   "name": "python",
   "nbconvert_exporter": "python",
   "pygments_lexer": "ipython3",
   "version": "3.12.0"
  }
 },
 "nbformat": 4,
 "nbformat_minor": 2
}
